-339.9459942626953 30.590833835601806 -2.5046333740767125e-31
-339.9459942626953 30.590833835601806 -2.5046333740767125e-31
-339.94599426645635 33.760530571670245 -0.002824500371986304
-339.94598871503695 37.308428063157535 0.48614383766389263
-339.9459854365016 40.70820991136754 -0.6452821146238015
-339.9459813419634 44.23599761026613 -1.2767858456395365
-339.94597488835285 48.16141379695791 -0.4891695593090182
-339.945971555173 50.18811038093513 -0.08333605737872146
-339.94596822063806 52.214968002675626 0.3217739572818888
-339.94596338863386 55.155141735937555 0.9129607481021833
-339.9459099861987 71.65703819813925 0.9129381749693953
------------------------------------
-339.9459942626953 30.590833835601806 -2.5046333740767125e-31
-339.9459942626953 30.590833835601806 -2.5046333740767125e-31
-339.94599426645635 33.760530571670245 -0.002824500371986304
-339.94598871503695 37.308428063157535 0.48614383766389263
-339.9459854365016 40.70820991136754 -0.6452821146238015
-339.9459813419634 44.23599761026613 -1.2767858456395365
-339.94597488835285 48.16141379695791 -0.4891695593090182
-339.945971555173 50.18811038093513 -0.08333605737872146
-339.94596822063806 52.214968002675626 0.3217739572818888
-339.94596338863386 55.155141735937555 0.9129607481021833
-339.94593645092226 69.01221685688492 -4.243679668711286
-339.9459392769457 70.18571539313041 -7.738746476323219
-339.9459137887792 69.93935814673159 -11.417670327908029
-339.94591989185864 68.74252919818845 -14.904648567029726
-339.94592683557875 66.14475357380275 -17.522348776606336
------------------------------------
-339.9459942626953 30.590833835601806 -2.5046333740767125e-31
-339.9459942626953 30.590833835601806 -2.5046333740767125e-31
-339.94599426645635 33.760530571670245 -0.002824500371986304
-339.94598871503695 37.308428063157535 0.48614383766389263
-339.9459854365016 40.70820991136754 -0.6452821146238015
-339.9459813419634 44.23599761026613 -1.2767858456395365
-339.94597488835285 48.16141379695791 -0.4891695593090182
-338.9814363389481 48.16108034839433 -0.48755779820264167
-335.43823797987 47.7820998313443 -0.11682938847871993
-328.06471485240314 47.737730892014 0.17258668751642037
-318.1075270419767 47.71134251688469 0.20561691327799875
-316.3210040968718 47.54327615069137 3.4653819873724587
-315.4661016491447 47.696932172631 5.320910380806757
-314.50590282779643 47.78486561617108 7.128599749484962
-313.4835946312017 47.83257554813822 8.90340650780173
------------------------------------
-339.9459942626953 30.590833835601806 -2.5046333740767125e-31
-339.9459942626953 30.590833835601806 -2.5046333740767125e-31
-339.94599426645635 33.760530571670245 -0.002824500371986304
-339.94598871503695 37.308428063157535 0.48614383766389263
-339.9459854365016 40.70820991136754 -0.6452821146238015
-339.9459813419634 44.23599761026613 -1.2767858456395365
-339.94597488835285 48.16141379695791 -0.4891695593090182
-338.9814363389481 48.16108034839433 -0.48755779820264167
-335.43823797987 47.7820998313443 -0.11682938847871993
-328.06471485240314 47.737730892014 0.17258668751642037
-318.1075270419767 47.71134251688469 0.20561691327799875
-313.9209795379203 47.604452201251895 2.671608557164835
-311.50082961429416 48.05035481952898 3.133438139627219
-309.0409195184646 48.191558418862364 3.578228918453136
-306.57497299139504 48.14191114944967 4.009016309414839
------------------------------------
-339.9459942626953 30.590833835601806 -2.5046333740767125e-31
-339.9459942626953 30.590833835601806 -2.5046333740767125e-31
-339.94599426645635 33.760530571670245 -0.002824500371986304
-339.94598871503695 37.308428063157535 0.48614383766389263
-339.9459854365016 40.70820991136754 -0.6452821146238015
-339.9459813419634 44.23599761026613 -1.2767858456395365
-339.94597488835285 48.16141379695791 -0.4891695593090182
-338.9814363389481 48.16108034839433 -0.48755779820264167
-335.43823797987 47.7820998313443 -0.11682938847871993
-328.06471485240314 47.737730892014 0.17258668751642037
-318.1075270419767 47.71134251688469 0.20561691327799875
-313.6219837094815 47.788856602648565 0.7020553634582971
-310.6125092517694 47.87477408752012 0.6562948191748328
-307.6158637582021 48.16736647315476 0.6291617670920455
-304.60570217505796 48.122176617220575 0.5717198355309111
------------------------------------
-339.9459942626953 30.590833835601806 -2.5046333740767125e-31
-339.9459942626953 30.590833835601806 -2.5046333740767125e-31
-339.94599426645635 33.760530571670245 -0.002824500371986304
-339.94598871503695 37.308428063157535 0.48614383766389263
-339.9459854365016 40.70820991136754 -0.6452821146238015
-339.9459813419634 44.23599761026613 -1.2767858456395365
-339.94597488835285 48.16141379695791 -0.4891695593090182
-338.9814363389481 48.16108034839433 -0.48755779820264167
-335.43823797987 47.7820998313443 -0.11682938847871993
-328.06471485240314 47.737730892014 0.17258668751642037
-318.1075270419767 47.71134251688469 0.20561691327799875
-313.3547277629322 47.96599333225411 -1.1959277842074072
-311.20070007750365 48.06621120418536 -1.6612552243198313
-309.0491032312639 47.98404906422144 -2.141280948720064
-306.8945982004597 48.06117225955776 -2.6086501249667475
------------------------------------
-339.9459942626953 30.590833835601806 -2.5046333740767125e-31
-339.9459942626953 30.590833835601806 -2.5046333740767125e-31
-339.94599426645635 33.760530571670245 -0.002824500371986304
-339.94598871503695 37.308428063157535 0.48614383766389263
-339.9459854365016 40.70820991136754 -0.6452821146238015
-339.9459813419634 44.23599761026613 -1.2767858456395365
-339.94597488835285 48.16141379695791 -0.4891695593090182
-340.9105439612667 48.16108687829405 -0.4875551547605594
-344.4538032410761 47.78210989485112 -0.11681141833971398
-351.8327971725858 47.70804894797408 -0.11681044972489117
-361.78950127307996 47.60450298216473 -0.08068644225410328
-363.53732531813375 47.74839646917472 3.2843215238049783
-364.4233869139979 47.88694834554879 5.179636917814004
-365.4901748131335 47.90277501281609 6.98473122302985
-366.4855481057626 47.96822711033719 8.829056393915623
------------------------------------
-339.9459942626953 30.590833835601806 -2.5046333740767125e-31
-339.9459942626953 30.590833835601806 -2.5046333740767125e-31
-339.94599426645635 33.760530571670245 -0.002824500371986304
-339.94598871503695 37.308428063157535 0.48614383766389263
-339.9459854365016 40.70820991136754 -0.6452821146238015
-339.9459813419634 44.23599761026613 -1.2767858456395365
-339.94597488835285 48.16141379695791 -0.4891695593090182
-340.9105439612667 48.16108687829405 -0.4875551547605594
-344.4538032410761 47.78210989485112 -0.11681141833971398
-351.8327971725858 47.70804894797408 -0.11681044972489117
-361.78950127307996 47.60450298216473 -0.08068644225410328
-365.99567502821685 47.45010651191503 2.3873397493440094
-368.4768773268149 47.44665959112711 2.928442621055931
-370.95624039350486 47.50109636051771 3.474935494717909
-373.43705407228913 47.38024153910987 4.004206861634754
------------------------------------
-339.9459942626953 30.590833835601806 -2.5046333740767125e-31
-339.9459942626953 30.590833835601806 -2.5046333740767125e-31
-339.94599426645635 33.760530571670245 -0.002824500371986304
-339.94598871503695 37.308428063157535 0.48614383766389263
-339.9459854365016 40.70820991136754 -0.6452821146238015
-339.9459813419634 44.23599761026613 -1.2767858456395365
-339.94597488835285 48.16141379695791 -0.4891695593090182
-340.9105439612667 48.16108687829405 -0.4875551547605594
-344.4538032410761 47.78210989485112 -0.11681141833971398
-351.8327971725858 47.70804894797408 -0.11681044972489117
-361.78950127307996 47.60450298216473 -0.08068644225410328
-366.277011313718 47.64537278001076 0.40624492215523356
-369.1533182659627 47.697070704103886 0.4521361684263009
-372.02928354719984 47.62096346760873 0.4857419242548299
-374.9017916284101 47.77435720701571 0.5413474432976109
------------------------------------
-339.9459942626953 30.590833835601806 -2.5046333740767125e-31
-339.9459942626953 30.590833835601806 -2.5046333740767125e-31
-339.94599426645635 33.760530571670245 -0.002824500371986304
-339.94598871503695 37.308428063157535 0.48614383766389263
-339.9459854365016 40.70820991136754 -0.6452821146238015
-339.9459813419634 44.23599761026613 -1.2767858456395365
-339.94597488835285 48.16141379695791 -0.4891695593090182
-340.9105439612667 48.16108687829405 -0.4875551547605594
-344.4538032410761 47.78210989485112 -0.11681141833971398
-351.8327971725858 47.70804894797408 -0.11681044972489117
-361.78950127307996 47.60450298216473 -0.08068644225410328
-366.5447187175173 47.83123923639454 -1.4795091872914072
-368.61171889180764 47.90994025967079 -1.8802803977716782
-370.67856435437716 47.993240296732566 -2.2805982070837194
-372.74455370678146 47.95362373771326 -2.6920488098404105
------------------------------------
-339.9459942626953 30.590833835601806 -2.5046333740767125e-31
-339.9459942626953 30.590833835601806 -2.5046333740767125e-31
-339.94599426645635 33.760530571670245 -0.002824500371986304
-337.19007952510475 30.590837127491024 -9.651484810771667e-07
-336.34209352519457 18.741853811212767 0.000685357648243899
-335.330466081722 4.538472039452381 -0.5165274745826246
-333.9326898477596 0.05760948299670243 8.040362578225293
-333.2734284850772 -0.010957206094518682 11.618653410236236
------------------------------------
-339.9459942626953 30.590833835601806 -2.5046333740767125e-31
-339.9459942626953 30.590833835601806 -2.5046333740767125e-31
-339.94599426645635 33.760530571670245 -0.002824500371986304
-342.7019202205867 30.590844775270547 6.041371092345687e-06
-343.3709006218997 18.730405265969125 0.00031835879438064983
-344.16779102396464 4.513290725873086 -0.515159700000624
-345.52097595467995 0.013273692970317441 8.038842922490094
-346.18842272855227 -0.0646129119081374 11.615431885075305
------------------------------------
