0.0 0.0 0.0
0.0 0.0 0.0
0.0 0.0 0.0
------------------------------------
0.0 0.0 0.0
0.0 0.0 0.0
-65.97160952870773 74.66397688553859 -27.001733168324304
-68.82182919071343 8.076522644217093 116.70505068612573
------------------------------------
0.0 0.0 0.0
0.0 0.0 0.0
65.97160952870773 74.66397688553859 -27.001733168324304
68.82182919071343 8.076522644217093 116.70505068612573
------------------------------------
0.0 0.0 0.0
0.0 0.0 0.0
0.0 390.7653109734761 1.818989362346174e-12
0.0 396.58537920102793 1.818989362346174e-12
-2.6110173484776697e-06 635.9188088387757 9.23948171669408
-102.42173033269314 559.4831416247132 46.82281292720802
-109.08551039416243 526.0325198237682 49.54363043150011
-114.5191421680646 489.9343150749778 50.55491809780367
------------------------------------
0.0 0.0 0.0
0.0 0.0 0.0
0.0 390.7653109734761 1.818989362346174e-12
0.0 396.58537920102793 1.818989362346174e-12
-2.6110173484776697e-06 635.9188088387757 9.23948171669408
-67.03929247442909 486.0847668223254 6.7714665786548345
-67.41733659428445 278.3004087356236 35.25506082791728
-65.97161976911944 74.6639539973556 -27.001735552508222
-68.76643365295499 9.370864421457512 113.91160853934238
------------------------------------
0.0 0.0 0.0
0.0 0.0 0.0
0.0 390.7653109734761 1.818989362346174e-12
0.0 396.58537920102793 1.818989362346174e-12
-2.6110173484776697e-06 635.9188088387757 9.23948171669408
67.03927199360568 486.0847668223254 6.7714665786548345
67.4173237428554 278.3004087356236 35.25506082791728
65.9716069176904 74.6639539973556 -27.001735552508222
68.7664208035288 9.370879671599425 113.91157801730535
------------------------------------
0.0 0.0 0.0
0.0 0.0 0.0
0.0 390.7653109734761 1.818989362346174e-12
0.0 396.58537920102793 1.818989362346174e-12
0.0 639.0544288849421 9.239966183235842
-60.93265395436234 844.0638846907448 -13.016716662264885
-147.71885346572606 805.623211733292 -6.785736407124375
-260.87301044870935 739.0899490800986 -18.72331433803498
-385.8774631837941 655.499557906995 -15.095378056986672
-427.5809839677347 631.1728372665833 -45.300383018602346
-441.80855322556175 621.4972393412021 -49.60166771121832
-451.60994460512507 614.5728620566314 -50.76410893855141
------------------------------------
0.0 0.0 0.0
0.0 0.0 0.0
0.0 390.7653109734761 1.818989362346174e-12
0.0 396.58537920102793 1.818989362346174e-12
0.0 639.0544288849421 9.239966183235842
-60.93265395436234 844.0638846907448 -13.016716662264885
-147.71885346572606 805.623211733292 -6.785736407124375
-260.87301044870935 739.0899490800986 -18.72331433803498
-385.8774631837941 655.499557906995 -15.095378056986672
-432.8638207621422 629.806504289718 -33.53556700089298
-452.4340717837244 616.5567487304468 -33.94223279368405
-463.0339860944201 608.4518294804276 -34.93726222060975
------------------------------------
0.0 0.0 0.0
0.0 0.0 0.0
0.0 390.7653109734761 1.818989362346174e-12
0.0 396.58537920102793 1.818989362346174e-12
0.0 639.0544288849421 9.239966183235842
-60.93265395436234 844.0638846907448 -13.016716662264885
-147.71885346572606 805.623211733292 -6.785736407124375
-260.87301044870935 739.0899490800986 -18.72331433803498
-385.8774631837941 655.499557906995 -15.095378056986672
-438.2888389498137 632.6771707286043 -19.089292570712455
-457.72169983778895 619.0217755300833 -19.0060940252336
-471.2826431341524 609.6432357034425 -18.986429261274708
------------------------------------
0.0 0.0 0.0
0.0 0.0 0.0
0.0 390.7653109734761 1.818989362346174e-12
0.0 396.58537920102793 1.818989362346174e-12
0.0 639.0544288849421 9.239966183235842
-60.93265395436234 844.0638846907448 -13.016716662264885
-147.71885346572606 805.623211733292 -6.785736407124375
-260.87301044870935 739.0899490800986 -18.72331433803498
-385.8774631837941 655.499557906995 -15.095378056986672
-438.0535179102218 632.65379426429 -2.543898048000825
-455.294911562677 620.5262920975689 -0.7620551413529235
-470.2679031669016 612.1288923854243 0.6201426842436961
------------------------------------
0.0 0.0 0.0
0.0 0.0 0.0
0.0 390.7653109734761 1.818989362346174e-12
0.0 396.58537920102793 1.818989362346174e-12
0.0 639.0544288849421 9.239966183235842
-60.93265395436234 844.0638846907448 -13.016716662264885
-147.71885346572606 805.623211733292 -6.785736407124375
-260.87301044870935 739.0899490800986 -18.72331433803498
-385.8774631837941 655.499557906995 -15.095378056986672
-405.27846372092847 627.7061625404152 9.730636853122022
-411.31728194352564 610.8655257148205 21.211214061961712
------------------------------------
0.0 0.0 0.0
0.0 0.0 0.0
0.0 390.7653109734761 1.818989362346174e-12
0.0 396.58537920102793 1.818989362346174e-12
0.0 639.0544288849421 9.239966183235842
60.93265395436234 844.0638846907448 -13.016716662264885
147.71885346572606 805.623211733292 -6.785736407124375
260.87301044870935 739.0899490800986 -18.72331433803498
385.9024265621349 655.499557906995 -15.095378056986672
427.4265650259198 628.1504374326962 -44.8130020481961
438.9092307814651 619.0793316811233 -48.00729213697899
449.11699422213667 612.1544050801588 -49.420465780508046
------------------------------------
0.0 0.0 0.0
0.0 0.0 0.0
0.0 390.7653109734761 1.818989362346174e-12
0.0 396.58537920102793 1.818989362346174e-12
0.0 639.0544288849421 9.239966183235842
60.93265395436234 844.0638846907448 -13.016716662264885
147.71885346572606 805.623211733292 -6.785736407124375
260.87301044870935 739.0899490800986 -18.72331433803498
385.9024265621349 655.499557906995 -15.095378056986672
435.7875572681859 627.3286601075592 -33.53556700089298
452.20110059759486 616.920762394077 -33.94223279368405
465.09834761992835 609.3063216485735 -34.51593654655893
------------------------------------
0.0 0.0 0.0
0.0 0.0 0.0
0.0 390.7653109734761 1.818989362346174e-12
0.0 396.58537920102793 1.818989362346174e-12
0.0 639.0544288849421 9.239966183235842
60.93265395436234 844.0638846907448 -13.016716662264885
147.71885346572606 805.623211733292 -6.785736407124375
260.87301044870935 739.0899490800986 -18.72331433803498
385.9024265621349 655.499557906995 -15.095378056986672
436.92900621694173 631.0068216453435 -18.521249828451538
456.8604022498753 619.180894178823 -19.111187025172605
472.30949857964436 610.0945906736881 -19.94552805546931
------------------------------------
0.0 0.0 0.0
0.0 0.0 0.0
0.0 390.7653109734761 1.818989362346174e-12
0.0 396.58537920102793 1.818989362346174e-12
0.0 639.0544288849421 9.239966183235842
60.93265395436234 844.0638846907448 -13.016716662264885
147.71885346572606 805.623211733292 -6.785736407124375
260.87301044870935 739.0899490800986 -18.72331433803498
385.9024265621349 655.499557906995 -15.095378056986672
435.99852528098563 630.5571146242793 -2.7368635511375246
451.506032253963 620.699937113167 -0.4965028650342447
467.5097855535911 612.1422590843401 -0.2958415381640003
------------------------------------
0.0 0.0 0.0
0.0 0.0 0.0
0.0 390.7653109734761 1.818989362346174e-12
0.0 396.58537920102793 1.818989362346174e-12
0.0 639.0544288849421 9.239966183235842
60.93265395436234 844.0638846907448 -13.016716662264885
147.71885346572606 805.623211733292 -6.785736407124375
260.87301044870935 739.0899490800986 -18.72331433803498
385.9024265621349 655.499557906995 -15.095378056986672
405.30345761684674 627.7059183997957 9.730636853122022
411.3422758394439 610.8655257148204 18.529968318858288
------------------------------------
0.0 0.0 0.0
0.0 0.0 0.0
0.0 390.7653109734761 1.818989362346174e-12
0.0 396.58537920102793 1.818989362346174e-12
0.0 639.0544288849421 9.239966183235842
0.0 876.2971603278561 -13.262108502409946
0.0 916.2808630355158 -3.7980069253877904
62.73969508164617 933.131448591354 -34.745035338214386
------------------------------------
0.0 0.0 0.0
0.0 0.0 0.0
0.0 390.7653109734761 1.818989362346174e-12
0.0 396.58537920102793 1.818989362346174e-12
0.0 639.0544288849421 9.239966183235842
0.0 876.2971603278561 -13.262108502409946
0.0 916.2808630355158 -3.7980069253877904
65.91907351915548 973.4881371304095 -5.042135124442465
------------------------------------
0.0 0.0 0.0
0.0 0.0 0.0
0.0 390.7653109734761 1.818989362346174e-12
0.0 396.58537920102793 1.818989362346174e-12
0.0 639.0544288849421 9.239966183235842
0.0 876.2971603278561 -13.262108502409946
0.0 916.2808630355158 -3.7980069253877904
-62.73969508164617 933.131448591354 -34.745035338214386
------------------------------------
0.0 0.0 0.0
0.0 0.0 0.0
0.0 390.7653109734761 1.818989362346174e-12
0.0 396.58537920102793 1.818989362346174e-12
0.0 639.0544288849421 9.239966183235842
0.0 876.2971603278561 -13.262108502409946
0.0 916.2808630355158 -3.7980069253877904
-65.91907351915548 973.4881371304095 -5.042135124442465
------------------------------------
0.0 0.0 0.0
0.0 0.0 0.0
0.0 390.7653109734761 1.818989362346174e-12
0.0 396.58537920102793 1.818989362346174e-12
0.0 639.0544288849421 9.239966183235842
0.0 876.2971603278561 -13.262108502409946
0.0 916.2808630355158 -3.7980069253877904
49.97299844087721 988.0323872892669 32.64120886304205
68.74598538139611 972.0581444870173 7.919588863288563
------------------------------------
0.0 0.0 0.0
0.0 0.0 0.0
0.0 390.7653109734761 1.818989362346174e-12
0.0 396.58537920102793 1.818989362346174e-12
0.0 639.0544288849421 9.239966183235842
0.0 876.2971603278561 -13.262108502409946
0.0 916.2808630355158 -3.7980069253877904
-49.97299844087721 988.0323872892669 32.64120886304205
-68.74598538139611 972.0581444870173 7.919588863288563
------------------------------------
0.0 0.0 0.0
0.0 0.0 0.0
0.0 390.7653109734761 1.818989362346174e-12
0.0 396.58537920102793 1.818989362346174e-12
0.0 639.0544288849421 9.239966183235842
0.0 876.2971603278561 -13.262108502409946
0.0 916.2808630355158 -3.7980069253877904
0.0 1123.5000966232988 37.45000086838185
------------------------------------
0.0 0.0 0.0
0.0 0.0 0.0
0.0 390.7653109734761 1.818989362346174e-12
0.0 396.58537920102793 1.818989362346174e-12
0.0 639.0544288849421 9.239966183235842
0.0 876.2971603278561 -13.262108502409946
0.0 916.2808630355158 -3.7980069253877904
-19.214061301866565 985.4733053159795 39.41796118147403
------------------------------------
0.0 0.0 0.0
0.0 0.0 0.0
0.0 390.7653109734761 1.818989362346174e-12
0.0 396.58537920102793 1.818989362346174e-12
0.0 639.0544288849421 9.239966183235842
0.0 876.2971603278561 -13.262108502409946
0.0 916.2808630355158 -3.7980069253877904
19.214061301866565 985.4733053159795 39.41796118147403
------------------------------------
0.0 0.0 0.0
0.0 0.0 0.0
0.0 390.7653109734761 1.818989362346174e-12
0.0 396.58537920102793 1.818989362346174e-12
0.0 489.59990346145827 0.0
------------------------------------
